4900707033822126|11|2029|123
4900707033826580|11|2029|123
4900707033820336|11|2029|123
4900707033828768|11|2029|123
4900707033827554|11|2029|123
4900707033825517|11|2029|123
4900707033824510|11|2029|123
4900707033821268|11|2029|123
4900707033821888|11|2029|123
4900707033820468|11|2029|123
4900707033827000|11|2029|123
4900707033822274|11|2029|123
4900707033826622|11|2029|123
4900707033825772|11|2029|123
4900707033825863|11|2029|123
4900707033822803|11|2029|123
4900707033822548|11|2029|123
4900707033825731|11|2029|123
4900707033820021|11|2029|123
